0
0.00
0.40
0.80
1.20
1.59
1.99
2.39
2.79
3.19
3.59
3.98
4.38
4.78
5.18
5.58
5.98
6.38
6.77
7.17
7.57
7.97
8.37
8.77
9.17
9.56
9.96
10.36
10.76
11.16
11.56
11.95
12.35
12.75
13.15
13.55
13.95
14.35
14.74
15.14
15.54
15.94
16.34
16.74
17.14
17.53
17.93
18.33
18.73
19.13
19.53
19.93
20.32
20.72
21.12
21.52
21.92
22.32
22.72
23.12
23.51
23.91
24.31
24.71
25.11
25.51
25.91
26.30
26.70
27.10
27.50
27.90
28.30
28.70
29.09
29.49
29.89
30.29
30.69
31.09
31.49
31.89
32.28
32.68
33.08
33.48
33.88
34.28
34.68
35.07
35.47
35.87
36.27
36.67
37.07
37.47
37.87
38.26
38.66
39.06
38.62
38.42
38.22
38.00
37.78
37.55
37.31
37.07
36.81
36.56
36.29
36.02
35.74
35.46
35.17
34.88
34.58
34.28
33.97
33.66
33.35
33.03
32.71
32.38
32.06
31.73
31.40
31.06
30.73
30.39
30.05
29.71
29.37
29.03
28.69
28.35
28.01
27.67
27.33
26.99
26.65
26.32
25.98
25.65
25.32
24.99
24.66
24.34
24.02
23.70
23.39
23.08
22.77
22.47
22.17
21.88
21.59
21.31
21.03
20.76
20.49
20.23
19.97
19.72
19.48
19.24
19.01
18.78
18.57
18.36
18.15
17.95
17.76
17.58
17.41
17.24
17.07
16.92
16.77
16.63
16.50
16.37
16.25
16.14
16.03
15.93
15.84
15.75
15.67
15.59
15.53
15.46
15.40
15.35
15.30
15.26
15.22
15.19
15.16
15.13
15.11
15.09
15.08
15.07
15.06
15.05
15.05
15.05
15.05
15.05
15.05
15.06
15.07
15.07
15.08
15.09
15.10
15.12
15.13
15.14
15.15
15.16
15.18
15.19
15.20
15.21
15.22
15.23
15.24
15.25
15.26
15.27
15.28
15.29
15.30
15.30
15.31
15.32
15.32
15.33
15.33
15.34
15.34
15.35
15.35
15.36
15.36
15.37
15.37
15.38
15.39
15.39
15.40
15.41
15.42
15.43
15.44
15.45
15.47
15.48
15.50
15.51
15.53
15.55
15.57
15.60
15.62
15.65
15.68
15.71
15.74
15.78
15.81
15.85
15.89
15.93
15.97
16.02
16.07
16.11
16.17
16.22
16.27
16.33
16.39
16.45
16.51
16.57
16.64
16.70
16.77
16.84
16.91
16.99
17.06
17.14
17.21
17.29
17.37
17.45
17.53
17.62
17.70
17.78
17.87
17.96
18.04
18.13
18.22
18.31
18.40
18.50
18.59
18.68
18.78
18.87
18.96
19.06
19.16
19.25
19.35
19.45
19.54
19.64
19.74
19.84
19.94
20.04
20.14
20.24
20.34
20.44
20.54
20.64
20.74
20.85
20.95
21.05
21.15
21.25
21.36
21.46
21.56
21.66
21.76
21.87
21.97
22.07
22.17
22.27
22.38
22.48
22.58
22.68
22.78
22.88
22.98
23.09
23.19
23.29
23.39
23.49
23.59
23.69
23.79
23.89
23.99
24.09
24.19
24.29
24.39
24.49
24.59
24.69
24.79
24.89
24.99
25.09
25.19
25.29
25.39
25.50
25.60
25.70
25.80
25.91
26.01
26.12
26.22
26.33
26.43
26.54
26.65
26.76
26.86
26.97
27.08
27.19
27.31
27.42
27.53
27.64
27.76
27.87
27.99
28.10
28.22
28.34
28.45
28.57
28.69
28.81
28.93
29.05
29.17
29.29
29.41
29.53
29.65
29.77
29.89
30.01
30.13
30.25
30.37
30.48
30.60
30.72
30.84
30.96
31.07
31.19
31.30
31.42
31.53
31.64
31.75
31.86
31.97
32.08
32.19
32.29
32.40
32.50
32.61
32.71
32.81
32.91
33.01
33.11
33.20
33.30
33.39
33.49
33.58
33.67
33.76
33.85
33.94
34.03
34.12
34.21
34.29
34.38
34.46
34.55
34.63
34.72
34.80
34.88
34.97
35.05
35.13
35.22
35.30
35.38
35.47
35.55
35.63
35.72
35.80
35.88
35.97
36.05
36.13
36.22
36.30
36.39
36.47
36.56
36.64
36.73
36.81
36.90
36.99
37.07
37.16
37.24
37.33
37.41
37.50
37.58
37.66
37.75
37.83
37.91
37.99
38.07
38.15
38.22
38.30
38.37
38.45
38.52
38.59
38.65
38.72
38.78
38.84
38.90
38.95
39.01
39.05
39.10
39.14
39.18
39.22
39.25
39.28
39.30
39.32
39.33
39.34
39.35
39.35
39.34
39.33
39.32
39.30
39.27
39.24
39.20
39.15
39.10
39.05
38.98
38.91
38.83
38.75
38.66
38.56
38.45
38.34
38.22
38.09
37.96
37.81
37.66
37.50
37.34
37.16
36.98
36.79
36.59
36.38
36.17
35.95
35.72
35.49
35.24
34.99
34.73
34.47
34.20
33.92
33.63
33.34
33.04
32.74
32.43
32.12
31.80
31.48
31.15
30.82
30.48
30.14
29.80
29.46
29.11
28.77
28.42
28.07
27.73
27.38
27.04
26.70
26.36
26.02
25.69
25.36
25.04
24.72
24.41
24.10
23.81
23.52
23.24
22.97
22.71
22.46
22.22
21.99
21.77
21.57
21.38
21.21
21.05
20.90
20.77
20.65
20.55
20.47
20.40
20.35
20.32
20.30
20.30
20.32
20.35
20.40
20.47
20.55
20.66
20.78
20.91
21.06
21.23
21.42
21.62
21.83
22.06
22.31
22.57
22.84
23.12
23.42
23.73
24.05
24.38
24.72
25.07
25.43
25.79
26.17
26.55
26.93
27.33
27.72
28.12
28.52
28.93
29.33
29.74
30.15
30.55
30.96
31.36
31.76
32.16
32.55
32.94
33.32
33.69
34.07
34.43
34.78
35.13
35.47
35.80
36.12
36.43
36.73
37.02
37.30
37.57
37.82
38.07
38.30
38.52
38.72
38.92
39.10
39.27
39.42
39.56
39.69
39.80
39.91
39.99
40.07
40.13
40.18
40.21
40.24
40.25
40.24
40.23
40.20
40.16
40.11
40.04
39.97
39.88
39.78
39.46
39.06
38.66
38.26
37.87
37.47
37.07
36.67
36.27
35.87
35.47
35.07
34.68
34.28
33.88
33.48
33.08
32.68
32.28
31.89
31.49
31.09
30.69
30.29
29.89
29.49
29.09
28.70
28.30
27.90
27.50
27.10
26.70
26.30
25.91
25.51
25.11
24.71
24.31
23.91
23.51
23.12
22.72
22.32
21.92
21.52
21.12
20.72
20.32
19.93
19.53
19.13
18.73
18.33
17.93
17.53
17.14
16.74
16.34
15.94
15.54
15.14
14.74
14.35
13.95
13.55
13.15
12.75
12.35
11.95
11.56
11.16
10.76
10.36
9.96
9.56
9.17
8.77
8.37
7.97
7.57
7.17
6.77
6.38
5.98
5.58
5.18
4.78
4.38
3.98
3.59
3.19
2.79
2.39
1.99
1.59
1.20
0.80
0.40
0.00
0.00