0
0.00
0.40
0.80
1.20
1.59
1.99
2.39
2.79
3.19
3.59
3.98
4.38
4.78
5.18
5.58
5.98
6.38
6.77
7.17
7.57
7.97
8.37
8.77
9.17
9.56
9.96
10.36
10.76
11.16
11.56
11.95
12.35
12.75
13.15
13.55
13.95
14.35
14.74
15.14
15.54
15.94
16.34
16.74
17.14
17.53
17.93
18.33
18.73
19.13
19.53
19.93
20.32
20.72
21.12
21.52
21.92
22.32
22.72
23.12
23.51
23.91
24.31
24.71
25.11
25.51
25.91
26.30
26.70
27.10
27.50
27.90
28.30
28.70
29.09
29.49
29.89
30.29
30.69
31.09
31.49
31.89
32.28
32.68
33.08
33.48
33.88
34.28
34.68
35.07
35.47
35.87
36.27
36.67
37.07
37.47
37.87
38.26
38.66
39.06
40.28
40.34
40.42
40.49
40.58
40.68
40.78
40.89
41.01
41.14
41.28
41.42
41.58
41.74
41.90
42.08
42.26
42.45
42.65
42.85
43.06
43.28
43.51
43.74
43.98
44.23
44.48
44.74
45.01
45.28
45.57
45.86
46.15
46.45
46.76
47.08
47.40
47.74
48.07
48.42
48.77
49.13
49.49
49.86
50.24
50.62
51.02
51.41
51.82
52.23
52.64
53.07
53.50
53.93
54.37
54.81
55.26
55.72
56.18
56.65
57.12
57.59
58.07
58.55
59.03
59.52
60.01
60.50
61.00
61.49
61.99
62.49
62.99
63.49
63.99
64.49
64.98
65.48
65.97
66.47
66.96
67.44
67.93
68.41
68.88
69.35
69.82
70.28
70.74
71.19
71.63
72.07
72.50
72.92
73.33
73.74
74.14
74.53
74.92
75.29
75.66
76.02
76.37
76.71
77.04
77.37
77.68
77.99
78.28
78.57
78.85
79.12
79.39
79.64
79.89
80.13
80.36
80.58
80.80
81.01
81.21
81.41
81.60
81.78
81.96
82.14
82.31
82.48
82.64
82.80
82.95
83.10
83.25
83.40
83.55
83.69
83.84
83.98
84.12
84.27
84.41
84.55
84.69
84.84
84.99
85.13
85.28
85.44
85.59
85.75
85.90
86.07
86.23
86.40
86.57
86.74
86.92
87.10
87.28
87.47
87.66
87.85
88.05
88.25
88.45
88.65
88.86
89.07
89.29
89.50
89.72
89.95
90.17
90.40
90.62
90.86
91.09
91.32
91.56
91.79
92.03
92.27
92.51
92.75
92.99
93.24
93.48
93.72
93.97
94.21
94.45
94.70
94.94
95.18
95.42
95.67
95.91
96.15
96.39
96.63
96.87
97.11
97.35
97.59
97.82
98.06
98.29
98.53
98.76
99.00
99.23
99.46
99.69
99.92
100.15
100.38
100.61
100.84
101.06
101.29
101.52
101.74
101.96
102.19
102.41
102.63
102.85
103.07
103.29
103.51
103.73
103.94
104.16
104.37
104.59
104.80
105.01
105.22
105.43
105.64
105.84
106.05
106.25
106.45
106.65
106.85
107.05
107.24
107.44
107.63
107.82
108.01
108.20
108.38
108.57
108.75
108.93
109.11
109.29
109.46
109.63
109.81
109.98
110.14
110.31
110.48
110.64
110.80
110.96
111.12
111.28
111.44
111.60
111.75
111.91
112.06
112.21
112.37
112.52
112.67
112.82
112.98
113.13
113.28
113.43
113.58
113.74
113.89
114.04
114.20
114.35
114.50
114.66
114.82
114.97
115.13
115.29
115.45
115.61
115.77
115.93
116.09
116.26
116.42
116.58
116.75
116.92
117.08
117.25
117.41
117.58
117.75
117.92
118.08
118.25
118.42
118.58
118.75
118.91
119.08
119.24
119.41
119.57
119.73
119.89
120.05
120.20
120.36
120.51
120.66
120.81
120.96
121.11
121.25
121.39
121.54
121.67
121.81
121.94
122.07
122.20
122.33
122.46
122.58
122.70
122.82
122.93
123.05
123.16
123.27
123.38
123.49
123.59
123.70
123.80
123.90
124.00
124.10
124.20
124.30
124.39
124.49
124.58
124.68
124.77
124.86
124.96
125.05
125.14
125.23
125.33
125.42
125.51
125.61
125.70
125.79
125.89
125.98
126.08
126.17
126.27
126.36
126.46
126.56
126.66
126.75
126.85
126.95
127.05
127.14
127.24
127.34
127.44
127.54
127.63
127.73
127.83
127.92
128.02
128.11
128.20
128.30
128.39
128.48
128.56
128.65
128.74
128.82
128.90
128.98
129.05
129.13
129.20
129.27
129.34
129.40
129.46
129.52
129.58
129.63
129.68
129.72
129.77
129.80
129.84
129.87
129.90
129.92
129.94
129.96
129.97
129.97
129.97
129.97
129.96
129.95
129.93
129.91
129.88
129.84
129.80
129.76
129.71
129.65
129.58
129.51
129.43
129.35
129.25
129.15
129.04
128.93
128.80
128.67
128.53
128.37
128.21
128.04
127.86
127.67
127.47
127.25
127.03
126.79
126.55
126.29
126.02
125.73
125.43
125.12
124.80
124.46
124.11
123.74
123.36
122.96
122.55
122.13
121.69
121.23
120.76
120.28
119.77
119.25
118.72
118.17
117.61
117.03
116.43
115.82
115.19
114.55
113.89
113.21
112.52
111.82
111.10
110.37
109.63
108.87
108.10
107.31
106.52
105.71
104.89
104.05
103.21
102.36
101.50
100.63
99.75
98.86
97.96
97.06
96.15
95.24
94.32
93.39
92.46
91.53
90.60
89.66
88.72
87.78
86.84
85.90
84.97
84.03
83.09
82.16
81.23
80.31
79.39
78.47
77.56
76.65
75.75
74.86
73.97
73.10
72.23
71.36
70.51
69.67
68.83
68.01
67.19
66.39
65.60
64.81
64.04
63.28
62.53
61.80
61.07
60.36
59.66
58.97
58.29
57.63
56.98
56.34
55.71
55.10
54.50
53.91
53.34
52.78
52.23
51.69
51.17
50.66
50.16
49.67
49.20
48.74
48.29
47.86
47.43
47.02
46.63
46.24
45.87
45.51
45.16
44.82
44.49
44.18
43.88
43.59
43.31
43.05
42.79
42.55
42.32
42.10
41.89
41.70
41.51
41.34
41.17
41.02
40.88
40.75
40.63
40.52
40.42
40.34
40.26
40.19
40.13
40.09
40.05
40.02
40.01
39.46
39.06
38.66
38.26
37.87
37.47
37.07
36.67
36.27
35.87
35.47
35.07
34.68
34.28
33.88
33.48
33.08
32.68
32.28
31.89
31.49
31.09
30.69
30.29
29.89
29.49
29.09
28.70
28.30
27.90
27.50
27.10
26.70
26.30
25.91
25.51
25.11
24.71
24.31
23.91
23.51
23.12
22.72
22.32
21.92
21.52
21.12
20.72
20.32
19.93
19.53
19.13
18.73
18.33
17.93
17.53
17.14
16.74
16.34
15.94
15.54
15.14
14.74
14.35
13.95
13.55
13.15
12.75
12.35
11.95
11.56
11.16
10.76
10.36
9.96
9.56
9.17
8.77
8.37
7.97
7.57
7.17
6.77
6.38
5.98
5.58
5.18
4.78
4.38
3.98
3.59
3.19
2.79
2.39
1.99
1.59
1.20
0.80
0.40
0.00
0.00