3.98
3.98
3.98
3.98
3.98
3.98
3.98
3.98
3.98
3.98
3.98
3.98
3.98
3.98
3.98
3.98
3.98
3.98
3.98
3.98
3.98
3.98
3.98
3.98
3.98
3.98
3.98
3.98
3.98
3.98
3.98
3.98
3.98
3.98
3.98
3.98
3.98
3.98
3.98
3.98
3.98
3.98
3.98
3.98
3.98
3.98
3.98
3.98
3.98
3.98
3.98
3.98
3.98
3.98
3.98
3.98
3.98
3.98
3.98
3.98
3.98
3.98
3.98
3.98
3.98
3.98
3.98
3.98
3.98
3.98
3.98
3.98
3.98
3.98
3.98
3.98
3.98
3.98
3.98
3.98
3.98
3.98
3.98
3.98
3.98
3.98
3.98
3.98
3.98
3.98
3.98
3.98
3.98
3.98
3.98
3.98
3.98
3.98
3.98
3.98
0.57
0.66
0.75
0.83
0.92
1
1.08
1.16
1.24
1.32
1.4
1.48
1.56
1.63
1.71
1.78
1.86
1.93
2
2.08
2.15
2.22
2.29
2.36
2.43
2.5
2.57
2.64
2.71
2.78
2.85
2.92
2.99
3.06
3.13
3.2
3.27
3.34
3.41
3.47
3.54
3.61
3.68
3.74
3.81
3.88
3.94
4.01
4.07
4.13
4.19
4.25
4.31
4.37
4.42
4.48
4.53
4.58
4.63
4.67
4.71
4.75
4.79
4.83
4.86
4.89
4.91
4.93
4.95
4.97
4.98
4.99
4.99
4.99
4.99
4.98
4.97
4.95
4.93
4.91
4.88
4.85
4.81
4.77
4.73
4.69
4.63
4.58
4.52
4.46
4.4
4.33
4.26
4.19
4.12
4.04
3.96
3.88
3.8
3.71
3.63
3.54
3.45
3.36
3.28
3.19
3.1
3.01
2.92
2.84
2.75
2.67
2.59
2.5
2.43
2.35
2.27
2.2
2.13
2.06
2
1.94
1.88
1.83
1.77
1.73
1.68
1.64
1.6
1.57
1.54
1.51
1.49
1.47
1.45
1.44
1.43
1.43
1.42
1.42
1.43
1.43
1.44
1.46
1.47
1.49
1.51
1.53
1.55
1.57
1.6
1.63
1.66
1.69
1.72
1.75
1.78
1.81
1.85
1.88
1.91
1.94
1.98
2.01
2.04
2.07
2.1
2.13
2.15
2.18
2.21
2.23
2.25
2.27
2.29
2.31
2.33
2.35
2.36
2.37
2.39
2.4
2.4
2.41
2.42
2.42
2.43
2.43
2.43
2.43
2.43
2.43
2.43
2.43
2.42
2.42
2.42
2.41
2.4
2.4
2.39
2.39
2.38
2.37
2.36
2.36
2.35
2.34
2.34
2.33
2.32
2.31
2.31
2.3
2.29
2.28
2.28
2.27
2.26
2.26
2.25
2.24
2.23
2.23
2.22
2.21
2.2
2.19
2.19
2.18
2.17
2.16
2.15
2.14
2.13
2.12
2.11
2.09
2.08
2.07
2.05
2.04
2.03
2.01
2
1.98
1.97
1.95
1.93
1.92
1.9
1.88
1.86
1.85
1.83
1.81
1.79
1.78
1.76
1.74
1.72
1.71
1.69
1.67
1.66
1.64
1.63
1.62
1.6
1.59
1.58
1.57
1.56
1.55
1.54
1.54
1.53
1.53
1.52
1.52
1.52
1.52
1.52
1.52
1.52
1.52
1.53
1.53
1.53
1.54
1.54
1.55
1.56
1.57
1.57
1.58
1.59
1.6
1.6
1.61
1.62
1.63
1.63
1.64
1.65
1.65
1.66
1.66
1.67
1.67
1.67
1.67
1.67
1.67
1.67
1.67
1.66
1.66
1.65
1.64
1.63
1.62
1.61
1.6
1.59
1.57
1.56
1.54
1.53
1.51
1.49
1.47
1.45
1.43
1.41
1.39
1.37
1.35
1.33
1.3
1.28
1.26
1.24
1.22
1.2
1.18
1.16
1.14
1.12
1.1
1.08
1.06
1.05
1.03
1.02
1.01
0.99
0.98
0.97
0.96
0.96
0.95
0.94
0.94
0.93
0.93
0.93
0.93
0.93
0.93
0.93
0.93
0.93
0.93
0.94
0.94
0.94
0.95
0.95
0.96
0.96
0.96
0.97
0.97
0.97
0.98
0.98
0.98
0.98
0.98
0.98
0.98
0.98
0.97
0.97
0.97
0.96
0.95
0.94
0.93
0.92
0.91
0.9
0.89
0.87
0.85
0.84
0.82
0.8
0.78
0.76
0.73
0.71
0.68
0.66
0.63
0.6
0.57
0.54
0.51
0.47
0.44
0.4
0.37
0.33
0.29
0.25
0.21
0.17
0.13
0.08
0.04
-0.01
-0.06
-0.11
-0.16
-0.21
-0.26
-0.32
-0.37
-0.43
-0.49
-0.55
-0.62
-0.68
-0.75
-0.82
-0.89
-0.97
-1.05
-1.13
-1.21
-1.29
-1.38
-1.47
-1.57
-1.66
-1.76
-1.86
-1.97
-2.07
-2.19
-2.3
-2.42
-2.54
-2.66
-2.78
-2.91
-3.04
-3.18
-3.31
-3.45
-3.59
-3.73
-3.88
-4.03
-4.18
-4.33
-4.48
-4.63
-4.79
-4.94
-5.1
-5.26
-5.42
-5.57
-5.73
-5.89
-6.04
-6.2
-6.35
-6.51
-6.66
-6.81
-6.95
-7.1
-7.24
-7.38
-7.52
-7.65
-7.78
-7.91
-8.03
-8.15
-8.26
-8.37
-8.47
-8.57
-8.66
-8.75
-8.84
-8.91
-8.99
-9.05
-9.11
-9.17
-9.22
-9.26
-9.3
-9.33
-9.35
-9.37
-9.38
-9.39
-9.39
-9.38
-9.37
-9.36
-9.33
-9.3
-9.27
-9.23
-9.18
-9.13
-9.08
-9.02
-8.96
-8.89
-8.81
-8.73
-8.65
-8.57
-8.48
-8.38
-8.29
-8.19
-8.09
-7.98
-7.87
-7.76
-7.65
-7.54
-7.42
-7.3
-7.18
-7.06
-6.94
-6.82
-6.69
-6.57
-6.44
-6.32
-6.19
-6.06
-5.94
-5.81
-5.68
-5.55
-5.42
-5.3
-5.17
-5.04
-4.92
-4.79
-4.66
-4.54
-4.41
-4.29
-4.16
-4.04
-3.91
-3.79
-3.67
-3.55
-3.43
-3.31
-3.19
-3.07
-2.95
-2.83
-2.71
-2.6
-2.48
-2.36
-2.25
-2.14
-2.02
-1.91
-1.8
-1.69
-1.58
-1.47
-1.36
-1.25
-1.14
-1.04
-0.93
-0.83
-0.72
-0.62
-0.52
-0.42
-0.32
-0.22
-0.12
-3.99
-3.99
-3.99
-3.99
-3.99
-3.99
-3.99
-3.99
-3.99
-3.99
-3.99
-3.99
-3.99
-3.99
-3.99
-3.99
-3.99
-3.99
-3.99
-3.99
-3.99
-3.99
-3.99
-3.99
-3.99
-3.99
-3.99
-3.99
-3.99
-3.99
-3.99
-3.99
-3.99
-3.99
-3.99
-3.99
-3.99
-3.99
-3.99
-3.99
-3.99
-3.99
-3.99
-3.99
-3.99
-3.99
-3.99
-3.99
-3.99
-3.99
-3.99
-3.99
-3.99
-3.99
-3.99
-3.99
-3.99
-3.99
-3.99
-3.99
-3.99
-3.99
-3.99
-3.99
-3.99
-3.99
-3.99
-3.99
-3.99
-3.99
-3.99
-3.99
-3.99
-3.99
-3.99
-3.99
-3.99
-3.99
-3.99
-3.99
-3.99
-3.99
-3.99
-3.99
-3.99
-3.99
-3.99
-3.99
-3.99
-3.99
-3.99
-3.99
-3.99
-3.99
-3.99
-3.99
-3.99
-3.99
-3.99
-3.99
-3.99