3.98
3.98
3.98
3.98
3.98
3.98
3.98
3.98
3.98
3.98
3.98
3.98
3.98
3.98
3.98
3.98
3.98
3.98
3.98
3.98
3.98
3.98
3.98
3.98
3.98
3.98
3.98
3.98
3.98
3.98
3.98
3.98
3.98
3.98
3.98
3.98
3.98
3.98
3.98
3.98
3.98
3.98
3.98
3.98
3.98
3.98
3.98
3.98
3.98
3.98
3.98
3.98
3.98
3.98
3.98
3.98
3.98
3.98
3.98
3.98
3.98
3.98
3.98
3.98
3.98
3.98
3.98
3.98
3.98
3.98
3.98
3.98
3.98
3.98
3.98
3.98
3.98
3.98
3.98
3.98
3.98
3.98
3.98
3.98
3.98
3.98
3.98
3.98
3.98
3.98
3.98
3.98
3.98
3.98
3.98
3.98
3.98
3.98
3.98
3.98
-1.93
-2.02
-2.1
-2.19
-2.26
-2.34
-2.41
-2.48
-2.55
-2.62
-2.68
-2.74
-2.79
-2.85
-2.9
-2.95
-3
-3.04
-3.08
-3.12
-3.15
-3.19
-3.22
-3.25
-3.27
-3.3
-3.32
-3.34
-3.35
-3.37
-3.38
-3.39
-3.39
-3.4
-3.4
-3.4
-3.39
-3.39
-3.38
-3.37
-3.36
-3.34
-3.33
-3.31
-3.28
-3.26
-3.23
-3.2
-3.17
-3.14
-3.1
-3.06
-3.02
-2.98
-2.93
-2.89
-2.84
-2.79
-2.73
-2.68
-2.62
-2.56
-2.5
-2.44
-2.38
-2.31
-2.25
-2.18
-2.11
-2.04
-1.97
-1.9
-1.83
-1.76
-1.69
-1.62
-1.55
-1.48
-1.41
-1.34
-1.27
-1.2
-1.13
-1.06
-1
-0.93
-0.87
-0.81
-0.75
-0.69
-0.63
-0.57
-0.52
-0.47
-0.42
-0.37
-0.33
-0.29
-0.25
-0.21
-0.17
-0.14
-0.1
-0.07
-0.05
-0.02
0
0.02
0.04
0.06
0.07
0.09
0.1
0.11
0.12
0.12
0.13
0.13
0.14
0.14
0.14
0.14
0.14
0.13
0.13
0.13
0.12
0.12
0.12
0.11
0.11
0.1
0.1
0.09
0.09
0.08
0.08
0.07
0.07
0.07
0.07
0.06
0.06
0.06
0.06
0.07
0.07
0.07
0.07
0.08
0.08
0.09
0.1
0.11
0.12
0.13
0.14
0.15
0.16
0.17
0.19
0.2
0.22
0.23
0.25
0.26
0.28
0.3
0.32
0.33
0.35
0.37
0.39
0.41
0.43
0.45
0.47
0.49
0.5
0.52
0.54
0.56
0.58
0.6
0.61
0.63
0.65
0.67
0.68
0.7
0.71
0.73
0.74
0.76
0.77
0.78
0.8
0.81
0.82
0.83
0.84
0.85
0.86
0.87
0.88
0.89
0.9
0.91
0.92
0.93
0.93
0.94
0.95
0.95
0.96
0.96
0.97
0.98
0.98
0.99
0.99
0.99
1
1
1.01
1.01
1.01
1.02
1.02
1.02
1.02
1.03
1.03
1.03
1.03
1.03
1.03
1.03
1.03
1.04
1.04
1.04
1.04
1.04
1.04
1.03
1.03
1.03
1.03
1.03
1.03
1.03
1.03
1.03
1.02
1.02
1.02
1.02
1.02
1.02
1.01
1.01
1.01
1.01
1.01
1.01
1.01
1.01
1.01
1.01
1.01
1.01
1.01
1.01
1.01
1.01
1.01
1.02
1.02
1.02
1.02
1.03
1.03
1.03
1.04
1.04
1.05
1.05
1.06
1.06
1.07
1.08
1.08
1.09
1.1
1.1
1.11
1.12
1.12
1.13
1.14
1.14
1.15
1.16
1.16
1.17
1.17
1.18
1.18
1.19
1.19
1.19
1.2
1.2
1.2
1.2
1.21
1.21
1.21
1.21
1.2
1.2
1.2
1.2
1.19
1.19
1.19
1.18
1.17
1.17
1.16
1.15
1.15
1.14
1.13
1.12
1.11
1.1
1.09
1.08
1.07
1.06
1.05
1.04
1.03
1.01
1
0.99
0.98
0.97
0.96
0.95
0.94
0.93
0.92
0.91
0.9
0.9
0.89
0.88
0.87
0.87
0.86
0.86
0.85
0.85
0.84
0.84
0.84
0.83
0.83
0.83
0.83
0.83
0.83
0.83
0.83
0.83
0.83
0.83
0.83
0.84
0.84
0.84
0.84
0.84
0.85
0.85
0.85
0.85
0.85
0.85
0.85
0.85
0.85
0.85
0.85
0.85
0.85
0.84
0.84
0.84
0.83
0.82
0.81
0.81
0.8
0.79
0.77
0.76
0.75
0.73
0.71
0.7
0.68
0.66
0.63
0.61
0.59
0.56
0.53
0.5
0.47
0.44
0.4
0.37
0.33
0.29
0.25
0.21
0.17
0.12
0.07
0.03
-0.02
-0.08
-0.13
-0.18
-0.24
-0.3
-0.36
-0.42
-0.48
-0.54
-0.61
-0.67
-0.74
-0.81
-0.88
-0.95
-1.02
-1.1
-1.17
-1.24
-1.32
-1.4
-1.47
-1.55
-1.63
-1.71
-1.78
-1.86
-1.94
-2.02
-2.1
-2.17
-2.25
-2.33
-2.4
-2.48
-2.55
-2.62
-2.7
-2.76
-2.83
-2.9
-2.96
-3.02
-3.08
-3.13
-3.19
-3.24
-3.28
-3.33
-3.36
-3.4
-3.43
-3.46
-3.48
-3.49
-3.51
-3.51
-3.51
-3.51
-3.5
-3.49
-3.47
-3.44
-3.41
-3.37
-3.32
-3.27
-3.21
-3.15
-3.08
-3
-2.92
-2.83
-2.73
-2.63
-2.52
-2.41
-2.29
-2.17
-2.04
-1.9
-1.76
-1.62
-1.47
-1.32
-1.16
-1
-0.84
-0.68
-0.51
-0.34
-0.17
0
0.18
0.35
0.52
0.7
0.87
1.04
1.21
1.37
1.54
1.7
1.86
2.02
2.17
2.32
2.46
2.6
2.73
2.86
2.98
3.1
3.21
3.31
3.41
3.5
3.59
3.67
3.74
3.8
3.86
3.91
3.95
3.98
4.01
4.03
4.04
4.05
4.04
4.04
4.02
4
3.97
3.93
3.89
3.84
3.79
3.72
3.66
3.59
3.51
3.43
3.34
3.25
3.15
3.05
2.94
2.84
2.73
2.61
2.49
2.37
2.25
2.13
2
1.87
1.74
1.61
1.48
1.35
1.21
1.08
0.95
0.82
0.68
0.55
0.42
0.29
0.16
0.03
-0.09
-0.22
-0.34
-0.46
-0.58
-0.7
-0.82
-0.93
-1.04
-3.99
-3.99
-3.99
-3.99
-3.99
-3.99
-3.99
-3.99
-3.99
-3.99
-3.99
-3.99
-3.99
-3.99
-3.99
-3.99
-3.99
-3.99
-3.99
-3.99
-3.99
-3.99
-3.99
-3.99
-3.99
-3.99
-3.99
-3.99
-3.99
-3.99
-3.99
-3.99
-3.99
-3.99
-3.99
-3.99
-3.99
-3.99
-3.99
-3.99
-3.99
-3.99
-3.99
-3.99
-3.99
-3.99
-3.99
-3.99
-3.99
-3.99
-3.99
-3.99
-3.99
-3.99
-3.99
-3.99
-3.99
-3.99
-3.99
-3.99
-3.99
-3.99
-3.99
-3.99
-3.99
-3.99
-3.99
-3.99
-3.99
-3.99
-3.99
-3.99
-3.99
-3.99
-3.99
-3.99
-3.99
-3.99
-3.99
-3.99
-3.99
-3.99
-3.99
-3.99
-3.99
-3.99
-3.99
-3.99
-3.99
-3.99
-3.99
-3.99
-3.99
-3.99
-3.99
-3.99
-3.99
-3.99
-3.99
-3.99
-3.99